   1.0000000000000000e+00   1.0000000000000000e+00
   1.0000000000000000e+00   2.0000000000000000e+02
   2.0000000000000000e+02   1.0000000000000000e+00
   2.0000000000000000e+02   2.0000000000000000e+02
   6.4000000000000000e+01   8.5999999999999972e+01
   1.3700000000000000e+02   8.5000000000000000e+01
   1.1300000000000000e+02   1.6200000000000000e+02
   9.3000000000000000e+01   2.5000000000000000e+01
   4.9000000000000000e+01   4.0000000000000000e+01
   1.3500000000000000e+02   4.3000000000000000e+01
   2.3000000000000000e+01   4.1000000000000000e+01
   1.6000000000000000e+02   3.8000000000000000e+01
   1.4000000000000000e+01   7.9000000000000000e+01
   1.9000000000000000e+02   5.1000000000000000e+01
   1.1200000000000000e+02   1.7800000000000000e+02
   8.2000000000000000e+01   1.7200000000000000e+02
   1.3400000000000000e+02   1.6800000000000000e+02
   7.0000000000000000e+01   1.3900000000000000e+02
   1.3000000000000000e+02   1.3500000000000000e+02
   1.0500000000000000e+02   1.0700000000000000e+02
   4.1000000000000000e+01   6.5000000000000000e+01
   1.4500000000000000e+02   7.0000000000000000e+01
   5.0000000000000000e+01   1.0300000000000000e+02
   1.4100000000000000e+02   9.9000000000000000e+01
