   1.0000000000000000e+00   1.0000000000000000e+00
   1.0000000000000000e+00   2.0000000000000000e+02
   2.0000000000000000e+02   1.0000000000000000e+00
   2.0000000000000000e+02   2.0000000000000000e+02
   6.4000000000000000e+01   8.6999999999999972e+01
   1.3600000000000000e+02   8.4000000000000000e+01
   1.9000000000000000e+01   8.1000000000000000e+01
   9.0000000000000000e+00   5.1000000000000000e+01
   4.4000000000000000e+01   4.1000000000000000e+01
   9.5000000000000000e+01   2.1000000000000000e+01
   1.4000000000000000e+02   4.4000000000000000e+01
   1.8700000000000000e+02   4.6000000000000000e+01
   1.6600000000000000e+02   7.3000000000000000e+01
   4.4000000000000000e+01   6.6000000000000000e+01
   1.4200000000000000e+02   7.4000000000000000e+01
   1.1200000000000000e+02   1.5900000000000000e+02
   8.0000000000000000e+01   1.7200000000000000e+02
   1.3400000000000000e+02   1.7100000000000000e+02
   1.0900000000000000e+02   1.7900000000000000e+02
   8.8000000000000000e+01   1.5800000000000000e+02
   1.2800000000000000e+02   1.5700000000000000e+02
   5.2000000000000000e+01   1.2800000000000000e+02
   1.3400000000000000e+02   1.1700000000000000e+02
