   1.0000000000000000e+00   1.0000000000000000e+00
   1.0000000000000000e+00   2.0000000000000000e+02
   2.0000000000000000e+02   1.0000000000000000e+00
   2.0000000000000000e+02   2.0000000000000000e+02
   5.5000000000000000e+01   9.2999999999999972e+01
   1.2300000000000000e+02   9.2000000000000000e+01
   8.3000000000000000e+01   1.3600000000000000e+02
   9.4000000000000000e+01   3.0000000000000000e+01
   5.4000000000000000e+01   3.9000000000000000e+01
   1.4000000000000000e+02   3.9000000000000000e+01
   1.2000000000000000e+01   6.6000000000000000e+01
   1.9200000000000000e+02   7.1000000000000000e+01
   1.7000000000000000e+01   1.2900000000000000e+02
   1.6600000000000000e+02   1.3100000000000000e+02
   8.6000000000000000e+01   1.6700000000000000e+02
   5.4000000000000000e+01   1.4900000000000000e+02
   1.2200000000000000e+02   1.5200000000000000e+02
   5.2000000000000000e+01   1.2600000000000000e+02
   1.3200000000000000e+02   1.3000000000000000e+02
   8.9000000000000000e+01   1.0000000000000000e+02
   3.7000000000000000e+01   8.2000000000000000e+01
   1.5000000000000000e+02   8.1000000000000000e+01
   4.4000000000000000e+01   1.0000000000000000e+02
   1.4400000000000000e+02   1.0700000000000000e+02
