   1.0000000000000000e+00   1.0000000000000000e+00
   1.0000000000000000e+00   2.0000000000000000e+02
   2.0000000000000000e+02   1.0000000000000000e+00
   2.0000000000000000e+02   2.0000000000000000e+02
   5.4000000000000000e+01   9.3999999999999972e+01
   1.2400000000000000e+02   9.4000000000000000e+01
   1.7000000000000000e+01   1.2800000000000000e+02
   1.4000000000000000e+01   6.5000000000000000e+01
   5.0000000000000000e+01   3.8000000000000000e+01
   9.5000000000000000e+01   2.7000000000000000e+01
   1.4100000000000000e+02   3.8000000000000000e+01
   1.9000000000000000e+02   7.0000000000000000e+01
   1.6500000000000000e+02   1.3100000000000000e+02
   3.9000000000000000e+01   8.6000000000000000e+01
   1.4800000000000000e+02   1.0100000000000000e+02
   8.6000000000000000e+01   1.3400000000000000e+02
   5.4000000000000000e+01   1.5300000000000000e+02
   1.2000000000000000e+02   1.5400000000000000e+02
   9.0000000000000000e+01   1.6600000000000000e+02
   6.1000000000000000e+01   1.3700000000000000e+02
   1.1200000000000000e+02   1.3500000000000000e+02
   4.9000000000000000e+01   1.1400000000000000e+02
   1.3900000000000000e+02   1.2200000000000000e+02
