   1.0000000000000000e+00   1.0000000000000000e+00
   1.0000000000000000e+00   2.1700000000000000e+02
   2.1600000000000000e+02   1.0000000000000000e+00
   2.1600000000000000e+02   2.1700000000000000e+02
   7.5000000000000000e+01   9.8999999999999972e+01
   1.2400000000000000e+02   9.6000000000000028e+01
   9.7000000000000000e+01   1.3600000000000003e+02
   8.3000000000000000e+01   1.6000000000000003e+02
   9.7000000000000000e+01   1.5400000000000003e+02
   9.8000000000000000e+01   1.6400000000000003e+02
   1.1200000000000000e+02   1.5900000000000003e+02
   9.8000000000000000e+01   1.7000000000000003e+02
   9.6000000000000000e+01   7.4000000000000028e+01
   5.9000000000000000e+01   8.6000000000000028e+01
   1.3400000000000000e+02   8.4000000000000028e+01
   7.0000000000000000e+01   2.1600000000000003e+02
   1.2900000000000000e+02   2.1300000000000003e+02
   3.0000000000000000e+00   2.0100000000000003e+02
   2.1500000000000000e+02   1.9600000000000003e+02
   1.0100000000000000e+02   3.2000000000000028e+01
   4.7000000000000000e+01   9.8000000000000028e+01
   1.6000000000000000e+02   8.5000000000000028e+01
   6.6000000000000000e+01   1.2600000000000003e+02
   1.4000000000000000e+02   1.2700000000000003e+02
