   1.0000000000000000e+00   1.0000000000000000e+00
   1.0000000000000000e+00   2.1700000000000000e+02
   2.1600000000000000e+02   1.0000000000000000e+00
   2.1600000000000000e+02   2.1700000000000000e+02
   8.4000000000000000e+01   1.0299999999999997e+02
   1.2800000000000000e+02   1.0100000000000003e+02
   1.0400000000000000e+02   1.3200000000000003e+02
   9.0000000000000000e+01   1.4800000000000003e+02
   1.0400000000000000e+02   1.4700000000000003e+02
   1.0400000000000000e+02   1.5700000000000003e+02
   1.1900000000000000e+02   1.4700000000000003e+02
   1.0600000000000000e+02   1.7700000000000003e+02
   1.0500000000000000e+02   5.5000000000000028e+01
   5.8000000000000000e+01   7.9000000000000028e+01
   1.4600000000000000e+02   8.0000000000000028e+01
   7.5000000000000000e+01   1.5900000000000003e+02
   1.5200000000000000e+02   1.5400000000000003e+02
   1.0000000000000000e+00   1.1800000000000003e+02
   2.1600000000000000e+02   1.1900000000000003e+02
   1.0600000000000000e+02   1.0000000000000028e+01
   3.8000000000000000e+01   4.0000000000000028e+01
   1.8500000000000000e+02   4.1000000000000028e+01
   6.4000000000000000e+01   1.2200000000000003e+02
   1.5000000000000000e+02   1.2500000000000003e+02
